5796	-5168	14612	-527	-111	-149
5752	-5236	14580	-512	-115	-155
5772	-5220	14616	-513	-107	-135
5640	-5212	14484	-489	-93	-156
5756	-5248	14568	-478	-86	-133
5720	-5168	14572	-500	-97	-133
5676	-5204	14656	-497	-81	-139
5652	-5236	14680	-518	-96	-137
5760	-5148	14636	-487	-99	-153
5716	-5308	14628	-501	-124	-142
5752	-5232	14564	-489	-97	-143
5756	-5376	14536	-491	-99	-159
5648	-5220	14680	-507	-112	-144
5732	-5180	14508	-499	-114	-161
5812	-5212	14632	-489	-82	-162
5804	-5224	14536	-514	-108	-150
5788	-5236	14452	-505	-99	-146
5732	-5248	14512	-500	-77	-139
5800	-5288	14528	-494	-85	-141
5812	-5256	14632	-505	-87	-141
5752	-5220	14640	-494	-105	-147
5788	-5256	14688	-499	-74	-123
5716	-5188	14508	-500	-100	-168
5840	-5296	14656	-510	-95	-135
5716	-5248	14592	-489	-92	-144
5752	-5232	14540	-504	-90	-148
5768	-5236	14560	-483	-119	-137
5716	-5164	14624	-489	-88	-144
5780	-5232	14572	-480	-102	-147
5688	-5236	14528	-507	-98	-136
5752	-5320	14668	-518	-99	-142
5812	-5252	14644	-523	-85	-156
5784	-5244	14496	-493	-91	-132
5728	-5228	14664	-502	-108	-140
5816	-5216	14556	-492	-90	-130
5652	-5208	14652	-486	-118	-151
5788	-5288	14620	-491	-102	-154
5760	-5236	14540	-502	-101	-143
5764	-5228	14608	-497	-102	-144
5668	-5220	14628	-499	-112	-136
5876	-5128	14508	-505	-77	-157
5856	-5232	14628	-489	-99	-143
5772	-5252	14568	-502	-80	-143
5800	-5248	14644	-499	-119	-146
5772	-5264	14600	-482	-95	-138
5644	-5248	14600	-498	-92	-147
5736	-5276	14496	-496	-82	-144
5692	-5248	14624	-500	-106	-134
5760	-5196	14564	-523	-92	-135
5700	-5244	14636	-517	-99	-143
5700	-5208	14512	-533	-134	-149
5728	-5152	14608	-490	-119	-138
5808	-5196	14688	-492	-86	-148
5828	-5148	14836	-484	-108	-124
5860	-5280	14628	-481	-81	-164
5768	-5228	14652	-485	-97	-122
5716	-5248	14604	-520	-122	-161
5732	-5300	14744	-518	-96	-140
5880	-5232	14532	-480	-120	-122
5676	-5208	14708	-509	-88	-119
5824	-5228	14552	-480	-94	-145
5740	-5276	14428	-499	-83	-162
5708	-5132	14492	-498	-96	-156
5696	-5232	14652	-484	-91	-146
5700	-5224	14588	-497	-110	-140
5680	-5164	14644	-483	-73	-136
5796	-5200	14644	-506	-127	-133
5800	-5220	14768	-505	-90	-148
5788	-5264	14552	-497	-93	-150
5676	-5224	14512	-490	-78	-131
5864	-5228	14588	-482	-93	-131
5736	-5184	14468	-525	-80	-155
5752	-5240	14528	-489	-100	-136
5832	-5244	14580	-513	-71	-132
5720	-5184	14544	-478	-102	-129
5704	-5204	14732	-501	-102	-156
5768	-5244	14564	-492	-107	-142
5716	-5224	14592	-471	-110	-148
5704	-5196	14536	-518	-97	-162
5740	-5184	14612	-516	-83	-132
5740	-5232	14640	-474	-85	-137
5692	-5208	14580	-502	-102	-149
5740	-5180	14632	-492	-95	-157
5736	-5236	14504	-493	-116	-126
5868	-5308	14660	-491	-104	-139
5720	-5356	14520	-501	-87	-147
5740	-5276	14768	-497	-73	-158
5692	-5256	14604	-497	-91	-126
5944	-5260	14700	-470	-105	-161
5708	-5188	14624	-496	-98	-150
5832	-5124	14644	-510	-81	-141
5740	-5248	14676	-482	-96	-154
5780	-5180	14672	-505	-71	-140
5756	-5212	14648	-494	-85	-138
5720	-5264	14696	-523	-107	-144
5824	-5092	14656	-505	-107	-139
5800	-5216	14568	-524	-92	-162
5736	-5312	14568	-473	-111	-162
5740	-5304	14596	-488	-88	-145
5772	-5264	14680	-501	-97	-167
5780	-5236	14624	-482	-99	-139
5684	-5212	14616	-511	-116	-139
5760	-5252	14652	-473	-77	-159
5660	-5196	14544	-478	-82	-151
5748	-5284	14712	-508	-90	-142
5820	-5252	14704	-497	-84	-149
5712	-5252	14588	-506	-111	-141
5864	-5196	14508	-507	-63	-131
5684	-5208	14560	-520	-86	-150
5732	-5088	14636	-500	-82	-126
5788	-5240	14572	-500	-68	-138
5720	-5236	14560	-520	-84	-148
5744	-5236	14628	-466	-93	-125
5796	-5184	14572	-494	-80	-145
5784	-5172	14700	-488	-91	-145
5992	-5140	14796	-518	-86	-142
5796	-5224	14484	-529	-86	-141
5608	-5212	14520	-492	-87	-135
5732	-5224	14292	-518	-96	-147
5712	-5304	14820	-490	-91	-155
5788	-5336	14564	-515	-125	-154
5748	-5164	14636	-510	-98	-144
5632	-5252	14688	-510	-52	-173
5672	-5260	14696	-479	-101	-138
5780	-5192	14488	-484	-109	-129
5792	-5012	14416	-484	-86	-134
5680	-5256	14636	-491	-77	-124
5696	-5364	14740	-498	-113	-136
5804	-5140	14608	-485	-101	-146
5876	-5032	14572	-495	-76	-148
5792	-5204	14748	-496	-62	-126
5788	-5260	14712	-495	-79	-152
5776	-5100	14636	-470	-64	-138
5744	-5124	14424	-507	-106	-130
5752	-5264	14560	-508	-99	-151
5756	-5268	14556	-521	-108	-146
5732	-5220	14432	-481	-79	-142
5784	-5324	14616	-470	-103	-152
5720	-5080	14548	-480	-98	-147
5824	-5104	14592	-491	-80	-134
5712	-5244	14736	-489	-78	-126
5684	-5364	14744	-511	-91	-163
5788	-5192	14596	-495	-120	-136
5728	-5240	14540	-498	-108	-148
5808	-5296	14616	-487	-85	-160
5700	-5308	14520	-495	-96	-129
5692	-5264	14508	-480	-82	-170
5784	-5204	14736	-483	-77	-146
5788	-5308	14652	-522	-102	-142
5820	-5236	14696	-528	-81	-136
5704	-5240	14588	-506	-105	-146
5768	-5348	14596	-476	-77	-132
5852	-5200	14608	-493	-89	-151
5724	-5260	14684	-496	-80	-136
5752	-5184	14672	-501	-108	-130
5720	-5248	14636	-519	-123	-141
5716	-5200	14564	-531	-124	-147
5760	-5244	14584	-540	-117	-164
5760	-5208	14624	-485	-114	-148
5824	-5320	14416	-497	-72	-139
5704	-5260	14620	-504	-73	-124
5700	-5328	14704	-514	-97	-139
5796	-5212	14776	-496	-116	-130
5800	-5216	14572	-532	-90	-115
5756	-5308	14656	-498	-106	-139
5764	-5276	14428	-495	-112	-139
5680	-5136	14672	-467	-97	-148
5664	-5268	14700	-491	-91	-160
5708	-5152	14732	-485	-104	-156
5644	-5168	14644	-509	-98	-159
5688	-5192	14692	-521	-115	-163
5744	-5220	14568	-522	-76	-143
5828	-5248	14532	-513	-111	-151
5784	-5252	14580	-496	-75	-131
5644	-5224	14552	-477	-90	-135
5684	-5176	14644	-496	-96	-143
5836	-5104	14592	-506	-98	-137
5684	-5168	14528	-505	-105	-150
5744	-5260	14596	-506	-121	-148
5804	-5236	14532	-506	-119	-144
5800	-5224	14616	-483	-100	-147
5700	-5268	14724	-490	-97	-138
5764	-5160	14588	-488	-90	-152
5728	-5132	14648	-509	-93	-152
5728	-5284	14592	-509	-114	-120
5692	-5232	14596	-492	-119	-156
5712	-5280	14576	-500	-92	-128
5740	-5176	14612	-516	-97	-136
5672	-5280	14628	-495	-105	-124
5780	-5216	14608	-488	-98	-149
5680	-5260	14636	-488	-93	-154
5848	-5236	14560	-509	-101	-138
5764	-5236	14456	-547	-91	-123
5684	-5236	14704	-489	-91	-129
5836	-5188	14696	-514	-104	-163
5720	-5268	14648	-496	-121	-156
5736	-5228	14632	-512	-66	-149
5864	-5276	14584	-460	-104	-153
5752	-5224	14528	-498	-122	-134
5712	-5164	14712	-497	-108	-153
5732	-5280	14608	-491	-90	-151
5768	-5088	14600	-491	-91	-133
5684	-5308	14704	-505	-95	-162
5804	-5224	14540	-509	-110	-142
5796	-5272	14660	-521	-110	-140
5772	-5292	14644	-489	-93	-127
5864	-5248	14632	-490	-53	-158
5812	-5252	14696	-496	-72	-154
5788	-5332	14384	-485	-100	-148
5720	-5232	14628	-489	-84	-128
5620	-5264	14648	-509	-100	-142
5608	-5232	14648	-494	-81	-151
5772	-5224	14588	-483	-83	-165
5708	-5228	14720	-487	-60	-148
5628	-5196	14688	-480	-92	-155
5708	-5204	14628	-495	-78	-145
5668	-5156	14528	-491	-96	-153
5648	-5164	14756	-512	-90	-144
5800	-5168	14584	-484	-112	-156
5856	-5160	14568	-525	-89	-154
5804	-5168	14560	-511	-117	-151
5832	-5216	14672	-503	-92	-141
5764	-5244	14596	-490	-94	-128
5808	-5224	14556	-495	-98	-135
5784	-5216	14580	-501	-112	-127
5788	-5152	14584	-535	-92	-145
5904	-5172	14576	-499	-85	-166
5744	-5260	14492	-490	-77	-149
5772	-5232	14628	-484	-53	-116
5744	-5276	14660	-456	-82	-145
5736	-5256	14620	-496	-103	-129
5760	-5180	14636	-522	-92	-122
5708	-5212	14652	-541	-108	-147
5844	-5368	14576	-525	-100	-157
5712	-5300	14612	-475	-89	-143
5676	-5272	14508	-497	-94	-133
5788	-5236	14580	-470	-93	-142
5840	-5200	14616	-496	-115	-130
5736	-5260	14644	-522	-86	-140
5692	-5368	14660	-501	-118	-130
5840	-5244	14580	-515	-89	-178
5696	-5152	14680	-490	-115	-138
5812	-5212	14544	-493	-111	-140
5776	-5224	14608	-486	-66	-120
5876	-5172	14656	-494	-93	-128
5772	-5200	14632	-482	-97	-153
5852	-5180	14596	-528	-117	-137
5756	-5180	14640	-499	-101	-144
5864	-5340	14568	-514	-68	-149
5800	-5168	14572	-482	-102	-113
5728	-5284	14644	-482	-103	-153
5768	-5316	14716	-478	-93	-134
5688	-5224	14536	-503	-103	-142
5776	-5368	14600	-504	-98	-131
5684	-5172	14556	-489	-73	-129
5796	-5312	14508	-468	-83	-153
5800	-5260	14612	-485	-76	-159
5760	-5220	14468	-488	-94	-157
5704	-5264	14428	-482	-97	-151
5776	-5216	14520	-499	-90	-159
5816	-5196	14692	-504	-117	-141
5788	-5260	14664	-491	-70	-151
5752	-5212	14604	-504	-89	-163
5736	-5224	14652	-485	-109	-145
5848	-5160	14580	-494	-97	-144
5796	-5188	14580	-504	-111	-129
5852	-5176	14532	-504	-96	-141
5704	-5172	14580	-496	-89	-161
5776	-5252	14688	-489	-112	-151
5756	-5280	14444	-503	-76	-156
5764	-5236	14520	-500	-94	-145
5776	-5212	14552	-490	-93	-154
5748	-5216	14620	-496	-106	-140
5780	-5224	14724	-500	-92	-145
5800	-5240	14588	-501	-115	-163
5720	-5280	14692	-503	-101	-140
5828	-5264	14452	-493	-114	-152
5720	-5248	14620	-503	-95	-154
5780	-5264	14520	-495	-86	-137
5640	-5200	14636	-511	-76	-143
5700	-5240	14652	-495	-93	-139
5664	-5172	14576	-508	-108	-123
5676	-5248	14668	-513	-69	-142
5712	-5248	14648	-477	-102	-154
5660	-5272	14608	-503	-106	-134
5740	-5204	14616	-506	-102	-136
5716	-5276	14648	-488	-119	-153
5788	-5172	14456	-505	-102	-145
5700	-5312	14548	-487	-107	-152
5724	-5148	14752	-488	-85	-166
5684	-5244	14748	-505	-79	-128
5748	-5168	14612	-507	-75	-137
5812	-5112	14604	-499	-101	-149
5708	-5088	14664	-531	-99	-157
5708	-5104	14464	-503	-108	-139
5672	-5300	14684	-466	-109	-155
5776	-5240	14584	-502	-114	-146
5772	-5192	14568	-482	-69	-153
5692	-5212	14632	-498	-114	-145
5656	-5260	14584	-484	-91	-147
5796	-5284	14592	-472	-97	-136
5728	-5216	14632	-493	-122	-151
5748	-5172	14596	-483	-111	-143
5752	-5344	14684	-485	-71	-164
5796	-5216	14612	-492	-96	-113
5696	-5208	14612	-503	-88	-130
5736	-5168	14560	-514	-101	-153
5824	-5276	14644	-508	-104	-122
5636	-5228	14600	-472	-112	-145
5700	-5204	14536	-505	-90	-137
5716	-5216	14604	-502	-96	-151
5720	-5288	14608	-513	-107	-177
5744	-5156	14600	-510	-104	-132
5732	-5156	14644	-511	-78	-147
5744	-5220	14668	-508	-102	-151
5764	-5184	14604	-493	-88	-139
5836	-5220	14548	-492	-113	-137
5728	-5324	14676	-485	-93	-141
5848	-5144	14640	-495	-113	-140
5756	-5260	14524	-516	-74	-137
5728	-5220	14676	-497	-88	-137
5728	-5256	14536	-484	-104	-117
5732	-5204	14520	-510	-84	-126
5664	-5312	14532	-499	-87	-124
5736	-5192	14560	-505	-83	-151
5676	-5272	14500	-494	-101	-139
5752	-5340	14712	-487	-94	-161
5744	-5372	14620	-484	-84	-167
5788	-5304	14572	-507	-97	-127
5768	-5288	14592	-503	-96	-157
5716	-5212	14608	-466	-75	-126
5884	-5252	14516	-493	-95	-135
5728	-5124	14548	-492	-90	-158
5776	-5184	14600	-477	-90	-143
5760	-5208	14556	-499	-90	-115
5696	-5188	14592	-491	-113	-131
5676	-5128	14644	-464	-86	-138
5812	-5192	14632	-498	-97	-136
5672	-5180	14560	-485	-91	-138
5708	-5216	14704	-525	-108	-157
5716	-5212	14548	-503	-83	-121
5780	-5184	14580	-502	-99	-135
5848	-5244	14484	-503	-116	-141
5760	-5232	14580	-516	-83	-150
5712	-5300	14644	-523	-105	-134
5596	-5248	14524	-469	-106	-137
5724	-5152	14644	-485	-106	-156
5736	-5276	14564	-494	-94	-144
5644	-5396	14540	-512	-93	-152
5692	-5200	14616	-503	-81	-161
5700	-5276	14620	-516	-88	-155
5664	-5268	14588	-482	-90	-156
5700	-5220	14548	-510	-103	-139
5684	-5140	14580	-501	-86	-161
5796	-5168	14660	-502	-94	-139
5764	-5136	14748	-465	-103	-140
5752	-5180	14516	-495	-79	-137
5764	-5232	14628	-475	-96	-154
5724	-5328	14540	-500	-98	-135
5748	-5232	14648	-483	-110	-157
5824	-5256	14584	-503	-92	-140
5724	-5196	14648	-509	-102	-131
5680	-5232	14640	-469	-53	-148
5864	-5180	14656	-479	-69	-120
5596	-5224	14544	-490	-78	-133
5644	-5196	14636	-502	-82	-135
5812	-5188	14740	-512	-119	-155
5676	-5268	14628	-533	-123	-162
5700	-5292	14564	-508	-70	-133
5736	-5248	14600	-493	-117	-122
5744	-5232	14708	-497	-91	-126
5760	-5136	14616	-507	-89	-136
5728	-5256	14648	-501	-88	-146
5712	-5288	14604	-537	-105	-147
5724	-5320	14564	-508	-104	-165
5704	-5364	14392	-514	-73	-105
6200	-5272	15040	-510	-55	-108
5732	-5044	14548	-443	-76	-259
5728	-5792	14536	-381	-77	-256
5492	-5596	13928	-455	-30	-245
5980	-5428	14860	-380	-19	-327
5396	-5344	14812	-309	-32	-297
5848	-4452	14404	-308	-25	-206
5504	-4380	15300	-265	-75	-106
5892	-5216	14916	-79	-124	-52
5688	-6196	14216	-55	-87	-113
5880	-5372	14604	-112	-74	-126
5504	-4636	15524	-64	-87	-128
6048	-5268	14772	-44	-171	-180
5796	-5468	13796	-196	-122	-162
5932	-4600	14356	-267	-100	-130
5864	-4440	14364	-330	-74	-207
5804	-5668	14400	-473	-56	-144
5716	-5440	14592	-534	-97	-110
5632	-4732	14828	-496	-75	-171
5644	-5220	14588	-519	-115	-165
5840	-5292	14472	-672	-108	-153
5704	-4684	14928	-766	-128	-174
5656	-4712	14528	-905	-168	-140
5856	-4980	14064	-1109	-171	-141
5784	-4592	14256	-1375	-140	-139
5780	-4564	14480	-1541	-138	-114
5472	-6428	19216	-830	-188	-111
6144	-7152	14484	-680	-455	-227
5584	-4916	13552	-300	-154	-147
5240	-4528	15348	-413	-29	-120
6132	-5224	14108	-551	-34	-158
5920	-5616	15960	-566	-156	-202
6096	-5356	14084	-576	-211	-213
6168	-4912	14132	-532	-218	-165
5640	-5384	14852	-580	-169	-131
5864	-5600	14692	-549	-172	-109
6188	-5592	15076	-469	-189	-226
6476	-5296	14564	-413	-212	-265
6172	-5068	14580	-479	-233	-265
5128	-4944	14900	-482	-252	-244
4864	-4924	15152	-530	-285	-257
4808	-4608	14160	-592	-241	-289
4744	-4544	14772	-667	-226	-299
5520	-4852	14356	-711	-144	-339
5768	-4632	14880	-656	-104	-489
5780	-4848	14896	-649	-109	-498
5864	-4744	14304	-695	-191	-501
6172	-5520	15580	-501	-187	-481
5908	-5672	15728	-181	-250	-582
6460	-4904	15576	298	-293	-762
6064	-4876	16220	826	-310	-966
5884	-5548	17680	1410	-458	-1350
6164	-5256	17212	1889	-517	-1734
5628	-4800	16592	2297	-555	-1969
4388	-5104	15804	2663	-581	-2137
3520	-4956	15196	2850	-624	-2162
3836	-5152	15180	2972	-465	-2113
5084	-5104	15140	3098	-308	-2085
5972	-5040	15400	3416	-258	-2110
6704	-5040	15340	3669	-244	-2103
7068	-4896	15508	3906	-245	-2097
7248	-5052	15496	4001	-302	-2032
7388	-5324	15660	3999	-436	-1943
7332	-5640	15988	3997	-586	-1772
7272	-5764	16072	4019	-774	-1630
6952	-5792	16104	3977	-985	-1487
6580	-5352	16476	3999	-1170	-1263
6300	-4896	16720	3967	-1445	-1098
6252	-4652	16888	3893	-1758	-891
5824	-4576	17112	3925	-2016	-789
5424	-4604	16908	3907	-2215	-661
5556	-4592	16676	3908	-2358	-633
5768	-4468	16912	3957	-2404	-627
5936	-4072	17032	4106	-2371	-696
6308	-3624	17348	4327	-2357	-769
6840	-3560	17064	4545	-2360	-870
7296	-3484	16808	4749	-2366	-1004
7364	-3244	16704	4894	-2442	-1107
7280	-2912	16876	4948	-2576	-1213
7164	-2820	16828	4921	-2738	-1285
7268	-2844	16792	4877	-2926	-1407
6888	-2932	16840	4911	-3081	-1477
6344	-2636	16436	4824	-3235	-1404
5796	-2264	16332	4724	-3297	-1370
5516	-2008	16196	4631	-3348	-1346
5616	-1784	16188	4478	-3316	-1494
5840	-1560	16284	4339	-3283	-1689
6088	-1448	16288	4168	-3275	-1859
6412	-1144	15940	3916	-3286	-2005
6928	-852	15556	3569	-3349	-2095
6944	-576	15200	3194	-3392	-2240
7084	-656	14936	2757	-3439	-2346
7104	-920	14544	2217	-3446	-2477
6960	-964	14416	1626	-3495	-2585
7016	-1104	14648	962	-3521	-2606
7356	-1092	14420	225	-3523	-2528
7800	-868	14100	-538	-3525	-2436
8156	-720	13692	-1372	-3519	-2286
8364	-596	12896	-2313	-3488	-2136
8336	-632	12356	-3343	-3456	-1914
8244	-836	12072	-4511	-3400	-1597
8276	-968	12256	-5727	-3382	-1211
8464	-1080	11820	-7030	-3311	-795
8608	-1220	11616	-8325	-3245	-398
8548	-1456	11772	-9499	-3162	-55
8236	-1572	11720	-10551	-3041	334
7656	-1692	11068	-11613	-2882	755
7184	-1900	11020	-12715	-2656	1278
6692	-2152	11320	-13669	-2394	1828
6716	-2704	12108	-14396	-2084	2438
6912	-3320	12996	-14814	-1687	2944
7200	-3888	13432	-14978	-1275	3314
7340	-4144	13928	-14971	-801	3627
7216	-4096	14088	-14827	-328	3864
7208	-4104	14152	-14606	159	4143
7468	-4252	14104	-14269	688	4291
7364	-4776	14332	-13787	1240	4465
7416	-4972	14008	-13289	1899	4633
7568	-5208	13800	-12724	2576	4760
7996	-5476	14064	-12171	3314	4859
8388	-5844	14304	-11602	4030	4919
8704	-6240	14596	-10931	4762	5042
8932	-6588	14420	-10217	5456	5060
8740	-6536	14008	-9574	6173	5152
8588	-6372	13680	-9008	6839	5221
8424	-6408	13512	-8470	7560	5238
8036	-6692	13304	-7900	8211	5226
7392	-6940	12940	-7366	8903	5293
6976	-7104	12840	-6906	9557	5394
7020	-7248	12760	-6447	10230	5440
7228	-7364	12716	-5952	10886	5470
7136	-7416	12244	-5509	11524	5439
7100	-7612	12104	-5023	12082	5458
7004	-7544	11916	-4532	12664	5470
7040	-7380	11588	-3999	13055	5479
6848	-7160	11324	-3439	13537	5445
6272	-7160	11748	-2690	13891	5481
6104	-7600	12360	-1822	14245	5506
5896	-8184	12680	-808	14501	5394
5588	-8420	12780	337	14689	5286
5212	-8204	12612	1480	14804	5134
4744	-8008	12640	2573	14835	4888
4204	-8032	12860	3525	14789	4603
3636	-8084	12736	4349	14651	4289
3528	-7892	12396	5050	14365	3987
2948	-7496	12088	5622	14064	3765
2400	-7340	12364	6083	13618	3486
1960	-7488	12844	6597	13157	3242
1776	-7744	13000	7245	12517	2990
1404	-7760	12492	7639	11985	2653
784	-7012	11960	7795	11080	2287
448	-6856	12836	7799	10193	1999
672	-7596	13844	7745	9192	1758
652	-8288	14912	7848	8115	1512
408	-8204	15128	8011	6955	1376
256	-7844	14460	8071	5747	1205
224	-7440	14176	8121	4511	1046
-80	-7292	14360	8272	3240	842
-112	-7320	14836	8678	2002	615
104	-7168	14608	9252	694	252
-8	-6780	13792	9752	-574	-187
-276	-6180	12940	10101	-1878	-701
-984	-5512	12776	10333	-3394	-1308
-1088	-5288	12936	10474	-4981	-1910
-1088	-5152	13004	10687	-6521	-2576
-1240	-4824	13552	10989	-8077	-3261
-1256	-4668	13676	11454	-9575	-3889
-1076	-4444	13864	11971	-11083	-4460
-888	-4124	14352	12416	-12573	-4997
-384	-3740	14260	12724	-13962	-5586
8	-3072	14276	12816	-15342	-6175
524	-2620	14572	12755	-16531	-6678
1428	-2156	15320	12660	-17798	-7302
2288	-1704	15460	12515	-18981	-7892
2968	-1364	15756	12334	-20129	-8433
3188	-880	15912	12046	-21233	-8913
3832	-532	16248	11532	-22155	-9333
4476	-132	16752	10817	-22937	-9822
5368	-80	17280	10095	-23584	-10238
6140	64	17580	9190	-24100	-10640
7104	508	17456	8224	-24428	-10980
7984	688	17708	7211	-24661	-11218
8620	492	17856	6173	-24812	-11257
9100	-120	17564	4954	-24879	-11070
9236	-300	16928	3668	-24823	-10585
9500	348	15892	2508	-24700	-9876
9008	380	16088	1582	-24556	-9183
8256	-340	16304	545	-24287	-8323
7720	-624	16140	-443	-23938	-7383
8684	-284	16156	-1311	-23408	-6453
10400	4	15540	-2017	-22807	-5709
12228	652	15328	-2734	-22083	-5333
13560	880	15064	-3511	-21326	-5031
14648	1140	14744	-4304	-20523	-4704
15032	812	13124	-5222	-19605	-4095
14800	260	12420	-5963	-18648	-3276
14352	-368	11976	-6427	-17552	-2289
13772	-664	12376	-6721	-16432	-1227
13284	-844	13020	-7009	-15204	-211
12780	-544	13708	-7311	-14055	756
12344	-116	13100	-7747	-12855	1752
13100	328	12908	-8149	-11692	2678
13952	636	13036	-8453	-10560	3407
14696	784	12832	-8655	-9476	3959
14980	888	12192	-8814	-8435	4362
15492	1464	11000	-9102	-7413	4751
15936	1672	10028	-9567	-6448	5113
16052	1164	9584	-10016	-5413	5594
15900	160	9516	-10368	-4378	6076
15676	-668	10092	-10532	-3378	6560
15156	-1148	9604	-10650	-2261	6980
14432	-1648	9868	-10616	-1272	7349
13732	-2040	9668	-10635	-241	7744
13536	-1892	8924	-10749	746	8102
13600	-1808	8696	-10865	1663	8378
13940	-1932	8576	-11015	2575	8518
13612	-2228	8440	-11055	3469	8591
13408	-2396	8348	-11040	4357	8665
13360	-2564	8416	-10998	5211	8683
13436	-2604	8384	-10844	5996	8608
13192	-2876	8028	-10711	6771	8562
13284	-2704	7648	-10652	7494	8478
13196	-2732	6984	-10794	8163	8435
13280	-2868	6768	-11043	8846	8399
13024	-3200	6992	-11234	9493	8425
12988	-3708	7644	-11226	10173	8397
12780	-4332	8352	-11029	10848	8280
12500	-4724	8608	-10682	11549	8089
11840	-5052	8492	-10258	12280	7865
11260	-5232	7800	-9893	12653	7700
11056	-5704	8116	-9499	13245	7511
10944	-6136	8208	-9076	13695	7369
10476	-6456	8364	-8668	14175	7241
10068	-6540	8032	-8442	14577	7117
9944	-6648	8024	-8313	14893	6969
9816	-6740	7940	-8232	15229	6811
9508	-6964	8300	-8070	15375	6652
9124	-7360	8660	-7846	15582	6504
8944	-7408	8712	-7558	15669	6395
8464	-7536	8676	-7256	15716	6247
8032	-7884	8748	-7100	15765	6154
7756	-8092	8724	-6998	15758	6045
7652	-8164	8608	-6921	15755	5985
7380	-8312	8924	-6666	15658	5963
7080	-8756	9252	-6295	15539	6017
6640	-9200	9148	-5865	15321	5994
6076	-9264	9208	-5381	15060	6011
5876	-9372	8928	-4915	14685	6032
5852	-9424	9100	-4523	14268	6077
6036	-9460	8940	-4163	13777	6110
5816	-9316	9204	-3773	13242	6090
5204	-9468	9344	-3306	12987	6036
4556	-9668	9464	-2769	12421	6042
4480	-9776	9600	-2089	11631	5926
4296	-9752	9516	-1343	10968	5825
3824	-9476	9344	-651	10194	5713
3584	-9524	9636	85	9449	5600
3672	-9520	9944	782	8705	5381
3384	-9636	10424	1487	7930	5089
3144	-9304	10276	2204	7064	4813
3036	-8936	10096	2840	6131	4455
2864	-8992	10060	3431	5168	4139
2816	-9000	9932	4050	4157	3814
2620	-8880	9828	4694	3138	3539
2880	-8880	9908	5365	2156	3239
3036	-8644	9608	6007	1106	2880
2988	-8256	9396	6512	125	2485
2748	-8044	9384	6928	-799	2057
2724	-7884	9680	7320	-1708	1649
2784	-7928	10108	7833	-2615	1207
2736	-8128	10572	8384	-3439	779
2488	-7796	10252	8785	-4183	347
2564	-7588	10304	9091	-4876	-73
2496	-7732	10772	9338	-5404	-458
2612	-8232	11592	9632	-5891	-805
2568	-8472	12088	9876	-6296	-1064
2932	-8380	12872	10050	-6681	-1253
3292	-8004	13292	10159	-6928	-1428
3756	-7720	13516	10284	-7141	-1581
3820	-7564	13672	10386	-7327	-1713
3840	-7156	13756	10463	-7423	-1877
4020	-6548	14088	10445	-7430	-2071
4300	-5772	13800	10322	-7366	-2336
4668	-5128	13656	10047	-7289	-2661
5180	-4792	13636	9745	-7199	-2966
5504	-4896	14252	9423	-7056	-3288
5592	-5040	14660	9159	-6916	-3544
5316	-5212	15028	8939	-6735	-3635
5452	-5112	15016	8713	-6485	-3770
5488	-4952	14792	8502	-6244	-3828
5640	-4848	14776	8336	-5977	-3890
5724	-4964	14808	8114	-5709	-3889
5868	-4868	14848	7828	-5430	-3861
5900	-4696	14936	7474	-5126	-3778
6160	-4444	15240	7160	-4807	-3756
6580	-4264	15652	6882	-4496	-3781
6916	-3848	15420	6618	-4176	-3852
7072	-3696	15156	6323	-3825	-3922
7240	-3772	15288	6018	-3540	-3882
7492	-3752	15240	5666	-3330	-3794
7652	-3568	15268	5207	-3080	-3710
7984	-3472	15328	4687	-2837	-3545
8164	-3428	15236	4242	-2649	-3471
8312	-3604	15416	3914	-2448	-3321
8032	-3788	15564	3683	-2266	-3169
7756	-3824	15660	3445	-2059	-3028
7784	-3908	15484	3239	-1878	-2773
8032	-3652	15612	2998	-1729	-2571
8240	-3332	15892	2809	-1579	-2355
8428	-3164	15828	2691	-1415	-2205
8340	-2668	15736	2427	-1218	-2097
8328	-2356	15676	2038	-1036	-2008
8268	-2380	15764	1607	-845	-1888
8372	-2316	15932	1245	-640	-1753
8560	-2412	16284	988	-419	-1602
8308	-2548	16436	738	-201	-1430
8400	-2456	16140	543	12	-1249
8316	-2580	16180	431	208	-1081
8240	-2660	16428	368	435	-914
8104	-2704	16544	365	639	-795
8216	-2448	16224	265	855	-655
8464	-2612	16416	143	1035	-518
8508	-2492	16664	12	1206	-339
8640	-2396	16716	-82	1362	-205
8720	-2204	16456	-205	1540	-37
8792	-1992	16328	-369	1691	104
14856	-1740	15568	-4126	2981	430
15008	-2892	716	550	4662	723
9776	-856	16096	-621	6349	1285
7384	-1676	15000	-604	5511	1103
8656	244	13412	-1065	5745	1056
6456	-1392	12896	-1164	5740	1110
6784	-2748	15208	-1237	5668	955
5572	-3140	16292	-1124	5635	1029
7728	-3656	16168	-887	5206	910
6608	-3332	15448	-744	4994	965
5508	-2688	13068	-678	4639	898
5776	-1920	14676	-763	4519	794
6504	-2216	15440	-814	4160	644
6544	-2752	15312	-994	3786	479
5704	-3160	14140	-987	3359	389
5496	-3204	14780	-1020	3007	331
5692	-3072	15600	-1033	2686	304
5756	-3216	16392	-1009	2300	279
5536	-3324	16348	-884	1894	244
5576	-3380	15256	-804	1415	207
10036	-22944	32767	-400	2350	256
9844	-5208	17984	-540	3515	605
4316	-1892	12908	-1281	2959	617
8196	-6068	21984	-953	3003	484
6264	-3108	19808	-1374	1534	245
7136	-4704	24348	-1003	243	195
7272	-4540	21612	-903	-812	83
6292	-2408	14068	-1129	-1200	151
5604	-2152	14468	-1565	-1091	545
5992	-2876	14244	-1888	-968	568
4820	-3064	13284	-1772	-817	387
4672	-4096	15308	-1409	-678	160
4436	-3488	14004	-1105	-406	-13
5164	-2732	13592	-1029	-74	-180
5484	-2272	13012	-1013	412	-292
5216	-2608	12652	-1117	794	-285
5116	-3100	15852	-1250	849	-280
6064	-3240	14992	-1183	839	-310
6164	-2928	17936	-1297	303	-227
5472	-3444	19012	-1253	-98	-219
4440	-2416	15668	-1311	-313	-277
5232	-3256	14500	-1427	-250	-268
5900	-2652	14532	-1457	-165	-145
5588	-3356	15716	-1432	-177	-160
5668	-3360	14544	-1256	-85	-182
5840	-3292	15220	-1245	-135	-76
5772	-3144	15128	-1170	-34	-123
5804	-3224	15132	-1129	-47	-76
5544	-3348	15104	-1023	-15	-64
5940	-3376	15032	-982	6	-41
5732	-3452	15508	-922	7	-27
5544	-3096	15460	-877	15	-39
5780	-3312	15412	-914	-28	-32
5568	-3592	15352	-921	-79	-62
5568	-3476	15012	-991	-88	-117
5640	-3228	15340	-1000	-104	-123
5748	-3116	15188	-1040	-125	-128
5728	-3396	15008	-1077	-102	-160
5840	-3392	15180	-1112	-116	-165
5644	-3344	15320	-1152	-132	-138
5696	-3696	15448	-1151	-140	-195
5768	-3196	15228	-1293	-138	-214
5604	-2632	14916	-1308	-156	-185
5716	-3080	14444	-1400	-97	-101
6088	-3572	14840	-1260	-1	-17
5844	-3452	15488	-1179	-17	-31
5660	-3852	15904	-1086	-88	-90
5420	-4020	15616	-1047	-135	-154
5832	-3432	14732	-1079	-223	-208
5744	-3184	14888	-1000	-132	-197
5736	-3192	14688	-990	-120	-114
5988	-3396	15056	-947	-22	-83
5704	-3504	15196	-928	-48	-63
5604	-3868	15776	-952	-71	-134
5492	-3720	15516	-951	-135	-191
5640	-3360	15224	-998	-217	-185
5648	-3448	14672	-961	-154	-178
5720	-3456	14448	-1012	-79	-130
5536	-3436	15084	-992	-24	-84
5496	-3368	15432	-1012	-40	-74
5760	-3984	15512	-1047	-96	-130
5604	-3612	15248	-1157	-164	-170
5664	-3316	15080	-1160	-165	-181
5876	-3564	14688	-1154	-161	-211
5656	-3620	14752	-1110	-108	-143
5696	-3296	14988	-1085	-83	-84
5744	-3736	15428	-1044	-62	-133
5648	-4152	15396	-1033	-97	-127
5832	-3736	15448	-986	-121	-145
5660	-3432	15040	-967	-155	-180
5560	-3716	14696	-967	-149	-141
5728	-3496	14796	-975	-98	-93
5752	-3384	15128	-935	-75	-102
5692	-3940	15224	-939	-59	-104
5804	-3916	15252	-966	-122	-141
5612	-3688	15336	-952	-126	-154
5744	-3672	15080	-946	-113	-128
5680	-3784	14944	-967	-111	-134
5708	-3452	14720	-995	-120	-122
5668	-3672	15040	-987	-108	-84
5788	-3960	15172	-1036	-77	-124
5592	-3868	15352	-1043	-117	-145
5596	-3656	15308	-1013	-142	-141
5712	-3816	14980	-1031	-139	-163
5728	-3772	14872	-1072	-112	-132
5688	-3580	14948	-1038	-114	-140
5732	-3796	15084	-1080	-83	-111
5636	-3980	15276	-1100	-103	-117
5656	-3696	15268	-1106	-101	-160
5632	-3768	15104	-1129	-139	-168
5708	-3756	14876	-1131	-131	-140
5752	-3628	14892	-1163	-115	-138
5680	-3704	14892	-1181	-122	-116
5628	-3936	14960	-1182	-90	-116
5688	-3916	15092	-1227	-120	-142
5660	-3780	15156	-1253	-140	-167
5648	-3840	14892	-1278	-154	-142
5740	-3880	14872	-1286	-124	-121
5616	-3780	15008	-1301	-97	-104
5712	-3936	14960	-1349	-121	-135
5616	-4004	14988	-1381	-132	-141
5760	-3868	15024	-1441	-133	-159
5716	-3936	14960	-1451	-140	-168
5640	-3988	14884	-1524	-130	-121
5692	-3792	14864	-1511	-118	-112
5732	-3936	14964	-1569	-121	-118
5716	-4144	14932	-1611	-138	-124
5752	-4052	15084	-1647	-132	-136
5664	-4096	14944	-1691	-155	-106
5772	-4032	14736	-1743	-146	-141
5688	-3968	14816	-1816	-158	-132
5724	-3920	14920	-1818	-140	-110
5736	-4148	14912	-1868	-122	-102
5848	-4184	14856	-1948	-114	-125
5704	-4172	14904	-1982	-163	-107
5680	-4156	14860	-2057	-162	-142
5660	-4172	14944	-2122	-151	-125
5716	-4056	14732	-2188	-153	-100
5700	-4208	14924	-2254	-162	-114
5748	-4304	14852	-2345	-159	-96
5656	-4396	14816	-2422	-147	-98
5652	-4256	14712	-2498	-180	-121
5704	-4340	14636	-2560	-189	-115
5692	-4372	14648	-2648	-175	-114
5736	-4304	14700	-2739	-143	-110
5680	-4452	14720	-2849	-182	-94
5720	-4536	14744	-2961	-172	-89
5656	-4412	14760	-3080	-182	-119
5808	-4456	14564	-3146	-201	-123
5780	-4472	14520	-3271	-215	-94
5720	-4520	14600	-3401	-163	-79
5784	-4596	14540	-3504	-215	-89
5812	-4620	14528	-3622	-208	-97
5864	-4708	14580	-3746	-199	-88
5760	-4744	14584	-3878	-210	-81
5672	-4800	14468	-4041	-223	-82
5736	-4800	14320	-4191	-235	-86
5696	-4876	14556	-4319	-247	-37
5752	-4856	14472	-4484	-234	-90
5804	-5016	14240	-4638	-220	-73
6176	-14268	32767	-1560	-757	-270
5120	-5044	12180	-758	-1054	-451
6192	-7200	8520	656	378	-144
5276	-5392	6668	-195	766	-5
6184	-6880	15476	11	692	-45
7788	-6464	20420	283	174	-29
7560	-4996	18636	-116	-344	-110
6144	-5920	14976	-308	-370	-455
4268	-3952	11000	-635	-429	-173
4856	-3940	11064	-874	-128	-257
4760	-3788	13292	-897	76	-169
4772	-5564	14720	-928	-11	42
6308	-5328	14584	-1064	-47	-89
6140	-6960	15428	-710	-223	-152
5552	-7652	14956	-499	-112	-204
5764	-4812	13996	-349	-16	-225
5844	-4276	15200	-263	22	-173
5884	-4408	15668	-325	-48	-47
6056	-5048	13964	-534	-191	-98
5632	-5152	13456	-749	-19	-97
5888	-6016	16884	-557	-176	-124
6228	-6600	14736	-557	-201	-259
6000	-5828	14124	-467	-156	-207
5720	-4656	14868	-435	-84	-136
5508	-4636	13676	-504	-43	-120
5508	-5760	14252	-468	-88	-52
5684	-5668	14784	-479	-86	-71
5656	-5668	14768	-506	-94	-158
5712	-5908	14664	-505	-113	-186
5608	-5348	14284	-546	-129	-224
5812	-4676	14132	-533	-158	-178
5868	-5252	14164	-509	-62	-76
5856	-6008	14700	-468	-33	-74
5756	-5816	14948	-446	-90	-100
5716	-5356	14540	-472	-109	-156
5680	-5296	14316	-521	-114	-201
5728	-5224	14404	-568	-130	-186
5788	-5288	14400	-533	-126	-148
5772	-5536	14684	-474	-100	-116
5972	-5568	14792	-423	-43	-116
5812	-5252	14760	-424	-76	-122
5752	-5144	14676	-515	-111	-142
5600	-5140	14300	-587	-136	-165
5652	-5444	14428	-577	-116	-151
5872	-5628	14532	-479	-121	-154
5876	-5568	14416	-429	-56	-146
5656	-5252	14644	-413	-70	-105
5808	-5260	14716	-466	-86	-141
5696	-5388	14792	-551	-86	-131
5728	-5616	14564	-593	-145	-150
5680	-5536	14280	-557	-132	-165
5736	-5548	14220	-480	-106	-147
5788	-5392	14272	-436	-84	-163
5784	-5380	14440	-444	-86	-133
5860	-5360	14772	-480	-85	-111
5744	-5512	14736	-517	-78	-141
5692	-5544	14812	-514	-132	-154
5612	-5376	14264	-514	-121	-200
5692	-5148	14352	-527	-108	-162
5732	-5424	14368	-506	-118	-131
5728	-5436	14544	-430	-93	-148
5816	-5460	14648	-470	-80	-134
5768	-5456	14724	-480	-63	-127
5784	-5404	14692	-523	-100	-154
5924	-5448	14504	-529	-116	-147
5648	-5464	14424	-518	-105	-145
5796	-5456	14356	-499	-98	-149
5832	-5372	14508	-470	-67	-158
5752	-5392	14696	-454	-50	-139
5796	-5288	14632	-470	-66	-108
5608	-5328	14772	-487	-98	-153
5584	-5412	14508	-537	-100	-152
5692	-5356	14564	-542	-106	-166
5768	-5464	14368	-544	-100	-152
5784	-5416	14316	-492	-93	-134
5776	-5472	14524	-458	-76	-134
5620	-5492	14608	-462	-105	-167
5704	-5440	14560	-481	-108	-143
5760	-5448	14628	-527	-113	-163
5668	-5492	14552	-529	-111	-120
5780	-5440	14540	-514	-139	-159
5724	-5432	14484	-490	-87	-163
5784	-5420	14492	-480	-107	-151
5824	-5304	14592	-471	-63	-140
5784	-5312	14560	-510	-72	-167
5888	-5332	14628	-495	-102	-141
5788	-5472	14532	-521	-93	-159
5832	-5404	14528	-507	-147	-147
5796	-5376	14484	-510	-88	-133
5772	-5364	14448	-500	-114	-146
5692	-5488	14576	-482	-95	-138
5708	-5384	14436	-471	-86	-151
5792	-5452	14628	-505	-85	-135
5740	-5396	14672	-494	-95	-158
5680	-5452	14512	-526	-116	-163
5644	-5504	14528	-495	-139	-146
5720	-5480	14460	-511	-105	-153
5624	-5492	14384	-477	-77	-160
5760	-5468	14408	-484	-71	-163
5684	-5436	14540	-490	-83	-145
5788	-5408	14568	-467	-117	-153
5796	-5300	14568	-518	-116	-142
5820	-5272	14576	-515	-97	-143
5796	-5368	14532	-509	-84	-135
5788	-5372	14540	-501	-106	-167
5764	-5368	14444	-468	-102	-171
5848	-5340	14564	-456	-108	-134
5812	-5308	14612	-480	-82	-147
5768	-5388	14640	-491	-87	-141
5716	-5408	14620	-510	-103	-133
5796	-5344	14372	-508	-85	-135
5892	-5400	14532	-507	-110	-150
5792	-5480	14412	-492	-107	-134
5708	-5380	14564	-495	-85	-138
5772	-5332	14524	-478	-94	-134
5728	-5380	14464	-483	-102	-135
5736	-5404	14564	-531	-97	-146
5692	-5512	14424	-505	-108	-136
5780	-5504	14432	-488	-95	-133
5712	-5584	14484	-498	-114	-132
5724	-5584	14488	-491	-109	-117
5740	-5540	14524	-472	-95	-146
5732	-5492	14476	-463	-103	-177
5504	-5412	14196	-460	-130	-176
5940	-5328	14580	-500	-126	-199
6232	-5480	14772	-506	-49	-112
5896	-5472	15364	-525	-53	-117
5604	-5264	14368	-484	-165	-168
5404	-5236	14024	-578	-77	-171
5936	-5168	14960	-507	-94	-152
5936	-5648	14748	-475	-105	-162
6076	-4948	14400	-459	-106	-121
5532	-5256	14288	-508	-36	-138
5580	-5684	14552	-473	-93	-124
5828	-5440	14792	-481	-139	-176
6044	-5032	14508	-517	-129	-127
5716	-5168	14472	-566	-85	-120
5712	-5784	14452	-545	-105	-141
5564	-5592	14388	-474	-114	-125
5752	-5376	14396	-459	-106	-146
5964	-5440	14468	-471	-57	-128
5852	-5476	14784	-516	-89	-140
5660	-5620	14756	-532	-85	-165
5648	-5440	14436	-516	-103	-135
5616	-5332	14276	-493	-111	-155
5708	-5316	14408	-501	-100	-130
5748	-5368	14580	-477	-96	-159
5724	-5332	14500	-507	-109	-142
5788	-5196	14584	-478	-87	-161
5868	-5288	14612	-512	-87	-143
5776	-5320	14736	-509	-106	-127
5776	-5312	14512	-502	-124	-157
5760	-5328	14412	-525	-120	-136
5828	-5444	14452	-523	-128	-150
5800	-5464	14472	-497	-99	-173
5816	-5356	14476	-464	-85	-152
5780	-5444	14584	-472	-56	-133
5748	-5476	14608	-458	-93	-157
5740	-5432	14648	-474	-79	-139
5708	-5444	14564	-525	-111	-149
5676	-5416	14548	-534	-93	-133
5708	-5388	14588	-478	-115	-155
5728	-5336	14420	-481	-89	-143
5744	-5272	14512	-459	-104	-160
5700	-5308	14544	-486	-97	-128
5788	-5292	14712	-517	-138	-146
5808	-5460	14524	-540	-114	-128
5880	-5560	14524	-544	-150	-147
5880	-5552	14500	-499	-101	-160
5808	-5584	14324	-484	-92	-135
5840	-5436	14452	-456	-67	-136
5660	-5420	14508	-467	-80	-141
5664	-5448	14576	-472	-93	-136
5700	-5404	14608	-501	-116	-145
5640	-5368	14632	-490	-111	-151
5732	-5252	14464	-530	-90	-136
5716	-5320	14424	-484	-98	-143
5784	-5324	14516	-459	-84	-133
5680	-5300	14512	-480	-108	-152
5776	-5280	14656	-521	-86	-131
5816	-5352	14552	-518	-100	-134
5884	-5324	14476	-531	-93	-143
5796	-5436	14384	-510	-139	-136
5892	-5404	14440	-508	-74	-139
5740	-5428	14492	-465	-70	-149
5724	-5428	14612	-446	-100	-129
5716	-5404	14536	-484	-98	-123
5716	-5392	14572	-493	-102	-148
5728	-5484	14604	-522	-102	-156
5728	-5440	14540	-495	-94	-145
5716	-5464	14548	-516	-112	-155
5688	-5376	14480	-500	-100	-159
5676	-5380	14492	-504	-90	-128
5748	-5428	14672	-523	-65	-149
5788	-5480	14596	-491	-92	-153
5748	-5436	14536	-478	-85	-130
5756	-5452	14584	-521	-84	-138
5900	-5360	14528	-493	-66	-172
5760	-5360	14492	-486	-84	-149
5704	-5360	14588	-500	-77	-159
5796	-5408	14500	-502	-65	-126
5756	-5340	14644	-483	-68	-167
5796	-5356	14528	-486	-81	-150
5804	-5340	14608	-497	-105	-128
5756	-5352	14692	-501	-78	-136
5736	-5332	14644	-503	-86	-166
5832	-5428	14500	-509	-110	-124
5796	-5428	14500	-491	-105	-141
5820	-5432	14416	-499	-69	-146
5816	-5360	14684	-491	-107	-127
5788	-5544	14480	-490	-75	-145
5692	-5456	14616	-517	-104	-163
5876	-5424	14488	-494	-117	-145
5756	-5424	14548	-513	-92	-151
5792	-5476	14524	-509	-93	-124
5684	-5320	14544	-480	-90	-136
5784	-5396	14584	-482	-102	-120
5716	-5424	14716	-506	-103	-138
5716	-5416	14520	-477	-132	-160
5676	-5344	14496	-531	-74	-148
5736	-5372	14656	-486	-99	-137
5692	-5280	14536	-515	-88	-166
5708	-5336	14520	-489	-71	-166
5772	-5288	14552	-518	-97	-161
5684	-5352	14804	-497	-98	-172
5764	-5288	14704	-532	-114	-134
5732	-5316	14536	-508	-98	-147
5668	-5468	14520	-507	-103	-153
5764	-5420	14576	-476	-103	-145
5692	-5436	14540	-500	-78	-145
5668	-5492	14540	-497	-98	-136
5760	-5464	14496	-515	-94	-139
5760	-5400	14580	-510	-99	-115
5776	-5552	14444	-533	-81	-135
5724	-5308	14540	-464	-104	-151
5748	-5480	14444	-479	-98	-157
5800	-5332	14520	-485	-74	-130
5820	-5396	14448	-473	-89	-158
5784	-5420	14588	-477	-89	-150
5788	-5448	14464	-499	-102	-139
5736	-5468	14404	-512	-104	-163
5772	-5432	14536	-483	-98	-138
5800	-5344	14468	-494	-92	-143
5724	-5384	14472	-483	-79	-122
5776	-5320	14412	-477	-70	-140
5760	-5364	14508	-500	-102	-134
5792	-5396	14568	-508	-113	-150
5824	-5312	14544	-518	-127	-134
5736	-5376	14500	-495	-115	-122
5620	-5436	14428	-491	-102	-148
5736	-5456	14612	-515	-65	-144
5696	-5456	14548	-505	-73	-150
5768	-5380	14484	-528	-87	-138
5668	-5552	14548	-503	-105	-146
5708	-5480	14468	-527	-113	-157
5784	-5428	14352	-517	-77	-157
5788	-5396	14464	-467	-72	-151
5668	-5400	14588	-489	-82	-154
5760	-5404	14576	-480	-88	-164
5792	-5312	14648	-467	-82	-141
5696	-5332	14480	-502	-94	-162
5804	-5372	14580	-497	-116	-132
5692	-5304	14576	-494	-125	-128
5760	-5320	14496	-499	-108	-159
5776	-5344	14576	-479	-78	-157
5696	-5348	14580	-486	-99	-141
5728	-5460	14544	-465	-93	-153
5728	-5404	14544	-480	-103	-136
5720	-5416	14620	-513	-112	-128
5780	-5388	14452	-524	-110	-155
5724	-5404	14488	-522	-94	-130
5796	-5452	14576	-505	-103	-141
5792	-5356	14464	-485	-95	-155
5632	-5464	14656	-503	-109	-129
5836	-5396	14564	-493	-109	-133
5780	-5420	14560	-513	-99	-156
5764	-5400	14436	-497	-123	-156
5792	-5416	14640	-496	-80	-155
5700	-5368	14388	-489	-100	-146
5840	-5360	14644	-485	-91	-130
5700	-5364	14544	-476	-88	-116
5744	-5312	14592	-494	-81	-124
5676	-5448	14596	-493	-66	-169
5756	-5424	14620	-526	-81	-148
5672	-5372	14408	-518	-91	-140
5824	-5432	14488	-499	-92	-143
5788	-5400	14496	-491	-66	-140
5716	-5408	14636	-484	-91	-145
5768	-5320	14576	-465	-98	-133
5768	-5328	14692	-500	-106	-146
5684	-5312	14520	-518	-118	-155
5724	-5388	14604	-504	-108	-141
5844	-5464	14492	-497	-104	-141
5732	-5392	14568	-493	-85	-138
5700	-5436	14528	-474	-80	-135
5708	-5404	14632	-488	-95	-139
5740	-5396	14636	-499	-82	-151
5780	-5396	14528	-499	-112	-133
5680	-5396	14648	-495	-99	-149
5768	-5436	14484	-518	-102	-150
5732	-5372	14356	-487	-121	-165
5700	-5332	14444	-499	-83	-141
5808	-5400	14456	-492	-104	-160
5784	-5448	14636	-488	-82	-131
5700	-5412	14624	-490	-78	-149
5760	-5264	14576	-510	-122	-151
5784	-5420	14668	-502	-103	-139
5740	-5400	14456	-511	-94	-143
5760	-5336	14588	-486	-87	-123
5724	-5372	14496	-475	-95	-152
5736	-5468	14524	-485	-103	-148
5676	-5416	14604	-504	-102	-167
5704	-5376	14600	-514	-107	-173
5644	-5388	14604	-510	-110	-121
5792	-5412	14584	-504	-90	-128
5728	-5424	14660	-492	-94	-136
5764	-5456	14420	-502	-96	-159
5656	-5396	14492	-473	-62	-149
5760	-5344	14396	-476	-84	-142
5652	-5388	14696	-483	-84	-141
5740	-5372	14604	-500	-92	-149
5788	-5468	14660	-517	-111	-151
5768	-5432	14540	-492	-93	-150
5772	-5440	14380	-494	-76	-146
5700	-5320	14568	-502	-111	-147
5908	-5364	14540	-463	-77	-152
5892	-5380	14496	-498	-67	-153
5624	-5440	14472	-494	-82	-129
5832	-5488	14544	-521	-92	-153
5796	-5456	14660	-502	-88	-149
5820	-5440	14664	-508	-96	-146
5828	-5428	14532	-496	-80	-132
5840	-5372	14628	-505	-74	-152
5788	-5368	14580	-483	-125	-140
5716	-5336	14564	-504	-123	-147
5852	-5432	14500	-478	-96	-144
5776	-5440	14524	-525	-114	-147
5820	-5392	14472	-511	-69	-125
5804	-5412	14636	-508	-106	-148
5648	-5476	14588	-495	-95	-134
5740	-5380	14444	-497	-88	-158
5868	-5452	14448	-507	-86	-158
5728	-5392	14456	-510	-99	-150
5748	-5392	14400	-474	-111	-136
5752	-5404	14540	-487	-106	-159
5668	-5336	14608	-489	-94	-149
5780	-5376	14500	-484	-116	-126
5760	-5268	14388	-489	-95	-137
5800	-5388	14484	-504	-135	-142
5840	-5404	14524	-503	-89	-137
5808	-5424	14588	-499	-89	-151
5768	-5416	14548	-483	-91	-131
5724	-5468	14532	-509	-81	-154
5808	-5312	14516	-492	-97	-160
5752	-5336	14532	-488	-103	-141
5732	-5368	14552	-488	-109	-161
5796	-5456	14620	-492	-77	-145
5648	-5408	14620	-478	-105	-141
5764	-5524	14588	-473	-69	-163
5820	-5380	14600	-493	-104	-121
5772	-5488	14452	-511	-74	-135
5696	-5436	14516	-509	-114	-144
5788	-5448	14452	-513	-106	-150
5800	-5336	14660	-485	-70	-155
5772	-5512	14588	-478	-126	-132
5768	-5392	14520	-498	-94	-149
5720	-5372	14472	-496	-103	-135
5808	-5360	14504	-497	-77	-147
5796	-5412	14596	-504	-108	-166
5744	-5324	14532	-499	-116	-162
5736	-5380	14492	-506	-118	-154
5808	-5464	14580	-518	-108	-156
5748	-5440	14540	-492	-73	-150
5804	-5388	14604	-506	-89	-153
5732	-5320	14564	-511	-103	-124
5828	-5348	14332	-508	-96	-158
5636	-5328	14492	-487	-114	-144
5696	-5356	14568	-521	-103	-144
5788	-5328	14584	-513	-73	-150
5768	-5348	14516	-494	-108	-154
5756	-5428	14560	-487	-95	-144
5796	-5368	14620	-502	-103	-150
5808	-5476	14460	-505	-137	-128
5776	-5492	14504	-485	-86	-157
5808	-5412	14472	-505	-122	-130
5800	-5388	14544	-501	-102	-155
5760	-5412	14600	-497	-91	-118
5644	-5448	14520	-498	-104	-156
5692	-5332	14592	-486	-97	-141
5804	-5452	14568	-493	-90	-132
5720	-5368	14756	-520	-93	-153
5728	-5312	14536	-495	-96	-150
5712	-5368	14492	-510	-106	-133
5736	-5396	14536	-520	-97	-133
5800	-5364	14504	-499	-104	-147
5772	-5416	14524	-512	-78	-136
5784	-5356	14604	-504	-90	-131
5760	-5408	14496	-508	-90	-141
5724	-5416	14508	-506	-92	-149
5780	-5376	14400	-503	-109	-157
5836	-5368	14604	-493	-87	-142
5800	-5396	14612	-501	-109	-145
5696	-5396	14556	-492	-90	-145
5824	-5352	14512	-519	-110	-136
5872	-5400	14608	-514	-75	-131
5724	-5560	14428	-507	-91	-129
5820	-5436	14428	-525	-77	-161
5688	-5436	14568	-530	-84	-162
5656	-5428	14712	-517	-64	-169
5724	-5468	14472	-481	-94	-125
5748	-5248	14484	-486	-106	-147
5632	-5352	14544	-477	-40	-149
5688	-5328	14672	-522	-87	-118
5660	-5280	14544	-496	-138	-158
5760	-5320	14616	-520	-111	-147
5856	-5416	14656	-499	-107	-140
5708	-5524	14600	-522	-110	-149
5832	-5348	14612	-492	-106	-122
5684	-5416	14576	-511	-102	-143
5776	-5384	14576	-513	-106	-145
5832	-5484	14584	-490	-110	-161
5752	-5412	14420	-475	-92	-158
5584	-5492	14504	-502	-86	-150
5836	-5424	14596	-507	-91	-146
5744	-5412	14636	-491	-84	-133
5888	-5304	14656	-517	-102	-122
5692	-5352	14452	-517	-104	-139
5744	-5368	14564	-519	-83	-156
5712	-5400	14488	-489	-92	-154
5720	-5328	14464	-492	-73	-145
5756	-5380	14512	-492	-72	-150
5860	-5352	14600	-486	-98	-153
5768	-5352	14592	-475	-95	-144
5740	-5348	14544	-513	-111	-150
5760	-5456	14500	-501	-99	-175
5788	-5552	14676	-495	-122	-129
5652	-5500	14584	-482	-96	-132
5724	-5320	14480	-502	-103	-123
5560	-5396	14488	-490	-75	-164
5692	-5416	14584	-492	-90	-149
5828	-5488	14660	-493	-133	-136
5784	-5492	14536	-521	-70	-147
5776	-5472	14500	-499	-88	-134
5840	-5508	14532	-479	-60	-161
5700	-5376	14528	-479	-91	-167
5816	-5416	14552	-495	-108	-156
5756	-5364	14524	-509	-109	-136
5792	-5440	14592	-505	-79	-140
5668	-5348	14536	-497	-93	-160
5744	-5360	14420	-515	-97	-146
5716	-5392	14680	-505	-105	-155
5700	-5412	14540	-492	-99	-135
5768	-5452	14496	-496	-90	-125
5736	-5400	14580	-504	-98	-132
5796	-5476	14364	-508	-111	-156
5780	-5312	14532	-503	-100	-139
5804	-5456	14288	-501	-68	-131
5804	-5444	14584	-509	-101	-150
5708	-5420	14508	-491	-86	-141
5764	-5516	14528	-520	-80	-152
5904	-5460	14644	-479	-113	-144
5716	-5424	14720	-510	-106	-148
5712	-5312	14580	-500	-102	-128
5812	-5400	14704	-510	-90	-148
5716	-5376	14564	-505	-111	-117
5744	-5384	14464	-511	-124	-143
5784	-5492	14456	-535	-92	-156
5756	-5416	14552	-508	-113	-141
5740	-5508	14568	-473	-93	-147
5828	-5332	14664	-497	-99	-151
5828	-5376	14488	-483	-75	-130
5752	-5424	14620	-506	-110	-144
5716	-5440	14472	-506	-122	-126
5724	-5436	14556	-515	-106	-146
5716	-5472	14424	-495	-103	-151
5792	-5356	14400	-490	-97	-135
5792	-5340	14512	-485	-81	-137
5648	-5392	14580	-511	-100	-142
5708	-5396	14588	-481	-88	-137
5804	-5424	14552	-489	-85	-144
5860	-5392	14604	-524	-99	-143
5780	-5412	14400	-487	-87	-138
5728	-5272	14504	-459	-101	-137
5776	-5404	14568	-488	-85	-148
5732	-5388	14592	-474	-88	-146
5840	-5320	14532	-503	-99	-128
5764	-5412	14552	-514	-82	-150
5720	-5416	14420	-496	-81	-153
5724	-5428	14580	-498	-87	-119
5752	-5404	14564	-506	-90	-135
5676	-5460	14656	-501	-115	-162
5704	-5360	14568	-506	-129	-146
5684	-5476	14452	-502	-88	-137
5836	-5428	14508	-473	-126	-144
5736	-5404	14560	-487	-98	-142
5764	-5380	14516	-485	-108	-160
5752	-5428	14472	-501	-93	-138
5772	-5388	14488	-502	-92	-151
5804	-5364	14604	-483	-93	-144
5764	-5384	14468	-496	-102	-132
5728	-5380	14504	-512	-72	-127
5840	-5460	14480	-490	-95	-129
5792	-5352	14628	-494	-95	-138
5772	-5436	14540	-499	-106	-139
5728	-5400	14500	-499	-81	-145
5764	-5480	14500	-500	-112	-140
5752	-5388	14436	-491	-113	-145
5808	-5436	14532	-500	-94	-137
5788	-5444	14652	-509	-108	-152
5848	-5348	14448	-498	-129	-143
5728	-5464	14532	-474	-100	-157
5812	-5428	14548	-483	-107	-166
5756	-5432	14608	-497	-93	-155
5796	-5436	14656	-501	-102	-149
5652	-5400	14628	-497	-81	-134
5648	-5392	14484	-508	-86	-150
5804	-5312	14516	-498	-101	-125
5760	-5440	14528	-521	-112	-125
5784	-5448	14596	-499	-123	-132
5792	-5380	14544	-504	-104	-120
5792	-5488	14588	-504	-99	-119
5744	-5404	14664	-481	-79	-122
5736	-5404	14592	-488	-124	-140
5740	-5340	14556	-500	-78	-143
5684	-5408	14620	-506	-120	-143
5752	-5444	14468	-495	-92	-149
5812	-5364	14556	-488	-89	-141
5892	-5328	14516	-516	-78	-158
5740	-5416	14540	-484	-108	-145
5696	-5424	14480	-506	-80	-138
5604	-5392	14536	-498	-107	-148
5784	-5376	14420	-518	-106	-150
5808	-5408	14528	-508	-91	-132
5736	-5456	14668	-495	-96	-130
5764	-5340	14520	-503	-90	-130
5728	-5356	14468	-491	-102	-139
5712	-5300	14628	-478	-95	-133
5756	-5468	14688	-495	-109	-127
5780	-5516	14732	-484	-102	-136
5820	-5320	14528	-484	-119	-136
5688	-5360	14264	-509	-119	-146
5764	-5356	14432	-486	-116	-141
5736	-5356	14512	-492	-102	-130
5800	-5388	14504	-483	-76	-132
