73.49	6.10	-15.42
73.53	6.10	-15.43
73.55	6.10	-15.43
73.57	6.10	-15.43
73.60	6.10	-15.43
73.62	6.10	-15.42
73.65	6.10	-15.43
73.67	6.10	-15.43
73.70	6.10	-15.44
73.72	6.10	-15.43
73.74	6.10	-15.41
74.11	6.08	-15.26
74.13	6.08	-15.27
74.16	6.07	-15.25
74.18	6.08	-15.25
74.21	6.07	-15.23
74.24	6.07	-15.21
74.27	6.07	-15.20
74.29	6.08	-15.20
74.32	6.08	-15.20
74.34	6.08	-15.21
74.36	6.08	-15.20
74.39	6.07	-15.19
74.42	6.07	-15.21
74.43	6.07	-15.20
74.47	6.07	-15.19
74.49	6.07	-15.20
74.83	6.07	-15.19
74.86	6.06	-15.19
74.88	6.07	-15.19
74.90	6.06	-15.19
74.94	6.07	-15.19
74.96	6.07	-15.19
74.98	6.07	-15.19
75.01	6.06	-15.19
75.03	6.07	-15.19
75.06	6.06	-15.19
75.09	6.06	-15.19
75.11	6.06	-15.20
75.13	6.06	-15.19
75.16	6.06	-15.20
75.19	6.06	-15.20
75.21	6.06	-15.21
75.55	6.06	-15.23
75.57	6.06	-15.22
75.60	6.06	-15.20
75.63	6.06	-15.19
75.65	6.06	-15.20
75.67	6.06	-15.21
75.70	6.06	-15.20
75.72	6.06	-15.20
75.74	6.06	-15.21
75.78	6.06	-15.21
75.80	6.06	-15.20
75.83	6.06	-15.20
75.85	6.06	-15.20
75.87	6.06	-15.20
75.90	6.06	-15.20
75.93	6.07	-15.20
76.25	6.09	-15.48
76.29	6.08	-15.43
76.31	6.08	-15.38
76.35	6.08	-15.33
76.38	6.07	-15.25
76.41	6.07	-15.20
76.44	6.07	-15.20
76.46	6.07	-15.24
76.47	6.08	-15.33
76.49	6.08	-15.43
76.50	6.09	-15.47
76.52	6.09	-15.45
76.52	6.09	-15.45
76.51	6.07	-15.47
76.53	6.07	-15.49
76.56	6.07	-15.50
77.06	6.02	-15.58
77.16	6.02	-15.58
77.24	6.04	-15.59
77.32	6.08	-15.62
77.38	6.11	-15.69
77.48	6.16	-15.77
77.62	6.26	-15.84
77.74	6.42	-15.88
77.83	6.50	-15.92
77.90	6.54	-15.92
77.96	6.52	-15.88
78.02	6.42	-15.79
78.07	6.25	-15.65
78.14	6.16	-15.53
78.22	6.10	-15.59
78.33	6.08	-15.56
79.57	6.23	-15.43
79.62	6.23	-15.42
79.68	6.23	-15.38
79.71	6.24	-15.34
79.74	6.23	-15.32
79.76	6.22	-15.33
79.79	6.23	-15.30
79.82	6.22	-15.28
79.84	6.21	-15.28
79.88	6.22	-15.24
79.91	6.21	-15.21
79.93	6.21	-15.18
79.96	6.20	-15.12
79.99	6.19	-15.11
80.01	6.19	-15.15
80.04	6.19	-15.15
80.37	6.19	-15.30
80.39	6.19	-15.31
80.41	6.18	-15.39
80.43	6.18	-15.40
80.46	6.18	-15.39
80.48	6.19	-15.40
80.51	6.18	-15.39
80.52	6.18	-15.37
80.53	6.17	-15.38
80.56	6.18	-15.41
80.58	6.18	-15.41
80.61	6.17	-15.40
80.63	6.16	-15.35
80.66	6.14	-15.28
80.70	6.14	-15.23
80.73	6.13	-15.21
83.76	6.76	-16.28
84.01	6.98	-16.44
84.24	7.17	-16.57
84.46	7.32	-16.70
84.69	7.42	-16.82
84.96	7.47	-16.89
85.27	7.51	-16.89
85.57	7.58	-16.92
85.85	7.61	-16.98
86.13	7.61	-17.07
86.44	7.59	-17.15
86.81	7.53	-17.20
87.25	7.41	-17.21
87.74	7.23	-17.21
88.24	7.05	-17.24
88.77	6.80	-17.20
99.73	4.97	-15.33
100.73	5.09	-15.18
101.78	5.24	-15.05
102.88	5.44	-14.96
104.01	5.65	-14.88
105.12	5.86	-14.76
106.24	6.12	-14.65
107.36	6.40	-14.55
108.42	6.69	-14.47
109.44	6.99	-14.36
110.47	7.30	-14.23
111.50	7.62	-14.08
112.54	7.94	-13.93
113.53	8.26	-13.75
114.50	8.57	-13.54
115.47	8.88	-13.35
131.19	11.44	-11.61
132.43	11.49	-11.49
133.70	11.50	-11.39
134.96	11.46	-11.33
136.22	11.36	-11.27
137.48	11.22	-11.18
138.78	11.03	-11.10
140.11	10.80	-11.08
141.42	10.52	-11.07
142.70	10.21	-11.06
143.96	9.90	-11.04
145.23	9.60	-11.03
146.51	9.31	-11.04
147.80	9.02	-11.10
149.04	8.73	-11.17
150.26	8.49	-11.20
165.51	6.52	-11.13
166.51	6.34	-11.06
167.52	6.18	-10.98
168.55	6.04	-10.92
169.60	5.91	-10.88
170.65	5.79	-10.87
171.70	5.66	-10.85
172.71	5.55	-10.82
173.71	5.45	-10.79
174.72	5.38	-10.76
175.74	5.34	-10.71
176.75	5.32	-10.67
177.75	5.31	-10.65
178.72	5.30	-10.64
179.68	5.29	-10.64
-179.37	5.30	-10.66
-168.06	5.76	-10.59
-167.28	5.71	-10.46
-166.51	5.64	-10.29
-165.72	5.54	-10.11
-164.95	5.43	-9.96
-164.20	5.31	-9.87
-163.46	5.18	-9.81
-162.71	5.04	-9.77
-161.93	4.94	-9.71
-161.12	4.89	-9.65
-160.31	4.89	-9.59
-159.50	4.93	-9.54
-158.67	5.01	-9.53
-157.79	5.10	-9.51
-156.88	5.26	-9.49
-155.94	5.47	-9.45
-144.03	5.84	-9.58
-143.10	5.72	-9.69
-142.17	5.62	-9.81
-141.23	5.52	-9.96
-140.30	5.41	-10.05
-139.39	5.29	-10.06
-138.53	5.19	-10.04
-137.71	5.11	-10.04
-136.91	5.03	-10.03
-136.11	4.91	-10.02
-135.34	4.79	-9.99
-134.56	4.67	-9.97
-133.79	4.52	-9.95
-132.99	4.33	-9.95
-132.20	4.16	-9.97
-131.40	3.98	-9.98
-59.79	29.45	-56.19
-120.76	2.24	-10.51
-120.08	2.31	-10.54
-119.44	2.37	-10.58
-118.85	2.41	-10.65
-118.26	2.52	-10.76
-117.66	2.68	-10.86
-117.04	2.89	-10.97
-116.40	3.07	-11.11
-115.74	3.20	-11.21
-115.06	3.31	-11.28
-114.37	3.37	-11.38
-113.69	3.41	-11.48
-113.05	3.40	-11.57
-112.43	3.34	-11.63
-111.83	3.29	-11.67
-111.23	3.24	-11.71
-103.85	5.23	-13.19
-103.35	5.41	-13.26
-102.84	5.50	-13.29
-102.32	5.50	-13.29
-101.81	5.45	-13.28
-101.31	5.36	-13.26
-100.81	5.23	-13.25
-100.30	5.07	-13.30
-99.80	4.90	-13.37
-99.33	4.75	-13.43
-98.85	4.63	-13.44
-98.37	4.51	-13.47
-97.90	4.38	-13.50
-97.47	4.28	-13.58
-96.98	4.29	-13.74
-96.42	4.39	-13.93
-91.64	5.17	-15.32
-91.79	4.91	-15.32
-92.08	4.58	-15.33
-92.49	4.24	-15.31
-93.03	3.94	-15.26
-93.67	3.67	-15.21
-94.36	3.44	-15.19
-95.11	3.30	-15.19
-95.91	3.23	-15.18
-96.75	3.25	-15.15
-97.61	3.29	-15.09
-98.51	3.40	-15.03
-99.47	3.59	-14.98
-100.49	3.80	-14.99
-101.56	4.01	-15.04
-102.67	4.26	-15.10
-122.29	4.76	-15.39
-124.03	4.29	-15.56
-125.79	3.79	-15.79
-127.55	3.25	-16.03
-129.33	2.71	-16.26
-131.13	2.18	-16.44
-132.95	1.64	-16.56
-134.79	1.13	-16.64
-136.67	0.75	-16.73
-138.61	0.46	-16.89
-140.58	0.23	-17.08
-142.55	0.06	-17.24
-144.55	-0.03	-17.39
-146.60	-0.08	-17.51
-148.74	-0.03	-17.58
-150.97	0.07	-17.67
179.64	3.13	-17.92
177.67	3.06	-17.87
175.72	2.91	-17.86
173.82	2.75	-17.86
172.03	2.62	-17.90
170.28	2.47	-17.92
168.52	2.31	-17.90
166.72	2.12	-17.89
164.95	1.92	-17.89
163.21	1.72	-17.85
161.46	1.49	-17.72
159.67	1.22	-17.54
157.81	0.91	-17.34
155.97	0.59	-17.15
154.14	0.25	-16.96
152.31	-0.11	-16.78
129.23	-2.97	-15.93
127.75	-2.72	-15.82
126.28	-2.40	-15.69
124.83	-2.02	-15.58
123.44	-1.57	-15.48
122.07	-1.06	-15.38
120.68	-0.57	-15.25
119.27	-0.12	-15.10
117.86	0.31	-14.95
116.46	0.72	-14.85
115.10	1.10	-14.84
113.79	1.39	-14.88
112.54	1.61	-14.97
111.32	1.78	-15.07
110.12	1.89	-15.17
108.95	1.93	-15.27
97.85	1.68	-16.98
97.57	1.63	-17.11
97.40	1.58	-17.21
97.31	1.55	-17.27
97.28	1.54	-17.30
97.33	1.56	-17.33
97.43	1.61	-17.38
97.55	1.70	-17.48
97.66	1.81	-17.60
97.75	1.97	-17.73
97.83	2.15	-17.85
97.90	2.38	-17.90
97.95	2.63	-17.90
98.00	2.83	-17.70
97.97	3.09	-17.39
98.00	3.47	-17.17
99.99	4.85	-15.39
100.19	4.66	-15.17
100.36	4.43	-14.95
100.53	4.16	-14.77
100.70	3.91	-14.59
100.87	3.70	-14.44
101.07	3.46	-14.35
101.26	3.47	-14.26
101.44	3.65	-14.26
101.65	3.77	-14.28
101.87	3.74	-14.31
102.11	3.76	-14.27
102.31	3.81	-14.21
102.49	3.89	-14.17
102.65	3.93	-14.17
102.83	3.97	-14.20
104.26	4.55	-14.18
104.28	4.57	-14.22
104.30	4.59	-14.25
104.33	4.62	-14.30
104.35	4.64	-14.31
104.38	4.66	-14.32
104.40	4.68	-14.33
104.41	4.70	-14.31
104.44	4.72	-14.30
104.47	4.74	-14.33
104.49	4.76	-14.35
104.52	4.78	-14.37
104.54	4.80	-14.39
104.57	4.82	-14.38
104.59	4.84	-14.39
104.61	4.86	-14.41
104.94	5.07	-14.56
104.97	5.08	-14.57
104.99	5.10	-14.58
105.01	5.12	-14.59
105.04	5.13	-14.60
105.06	5.15	-14.61
105.09	5.17	-14.62
105.11	5.18	-14.63
105.14	5.19	-14.64
105.16	5.20	-14.65
105.18	5.21	-14.66
105.20	5.22	-14.66
105.23	5.24	-14.67
105.25	5.25	-14.68
105.28	5.26	-14.68
105.30	5.27	-14.69
105.64	5.42	-14.79
105.66	5.42	-14.80
105.69	5.44	-14.80
105.71	5.44	-14.81
105.74	5.45	-14.82
105.76	5.46	-14.82
105.79	5.47	-14.83
105.81	5.49	-14.83
105.84	5.49	-14.84
105.86	5.50	-14.84
105.88	5.51	-14.85
105.91	5.52	-14.85
105.93	5.53	-14.86
105.96	5.54	-14.87
105.98	5.55	-14.87
106.01	5.56	-14.88
106.34	5.65	-14.94
106.37	5.66	-14.95
106.40	5.66	-14.95
106.42	5.67	-14.95
106.45	5.68	-14.96
106.47	5.68	-14.96
106.50	5.69	-14.97
106.53	5.70	-14.97
106.55	5.70	-14.97
106.58	5.71	-14.98
106.61	5.71	-14.98
106.63	5.72	-14.98
106.65	5.72	-14.99
106.67	5.72	-14.99
106.70	5.73	-14.99
106.73	5.74	-14.99
107.07	5.79	-15.04
107.10	5.80	-15.04
107.12	5.80	-15.04
107.15	5.81	-15.04
107.18	5.81	-15.04
107.20	5.81	-15.05
107.23	5.82	-15.05
107.26	5.82	-15.05
107.27	5.82	-15.05
107.30	5.83	-15.06
107.33	5.83	-15.06
107.35	5.83	-15.06
107.38	5.83	-15.07
107.41	5.84	-15.07
107.43	5.84	-15.07
107.46	5.84	-15.07
107.82	5.88	-15.10
107.85	5.88	-15.10
107.88	5.89	-15.10
107.90	5.89	-15.10
107.93	5.89	-15.10
107.96	5.89	-15.11
107.98	5.90	-15.11
108.01	5.90	-15.11
108.04	5.91	-15.11
108.06	5.90	-15.12
108.09	5.91	-15.12
108.11	5.91	-15.12
108.14	5.91	-15.12
108.16	5.91	-15.12
108.19	5.91	-15.12
108.22	5.92	-15.12
108.56	5.95	-15.13
108.58	5.95	-15.13
108.61	5.95	-15.13
108.63	5.95	-15.14
108.66	5.95	-15.14
108.69	5.96	-15.13
108.71	5.96	-15.14
108.74	5.96	-15.14
108.77	5.96	-15.14
108.80	5.96	-15.14
108.82	5.96	-15.14
108.85	5.96	-15.14
108.88	5.97	-15.14
108.90	5.97	-15.14
108.92	5.97	-15.15
108.95	5.97	-15.14
109.30	5.99	-15.16
109.31	5.99	-15.16
109.34	5.99	-15.16
109.37	5.99	-15.16
